numGradEvals	TrainLoss	TrainCost	TrainErr	TestLoss	TestCost	TestErr
1.000000	0.548678	0.556793	26.820400	0.552432	0.560547	27.005600
2.000000	0.531136	0.538843	26.188800	0.534786	0.542493	26.354800
3.000000	0.519920	0.527322	25.707200	0.523513	0.530915	25.874000
4.000000	0.511800	0.519000	25.300800	0.515362	0.522562	25.447600
5.000000	0.505481	0.512539	24.914400	0.509025	0.516083	25.093200
6.000000	0.500359	0.507314	24.611200	0.503890	0.510845	24.808800
7.000000	0.496109	0.502985	24.325200	0.499629	0.506506	24.534800
8.000000	0.492532	0.499347	24.069600	0.496043	0.502859	24.277200
9.000000	0.489494	0.496260	23.850400	0.492996	0.499762	24.044000
10.000000	0.486896	0.493622	23.642800	0.490390	0.497116	23.844800
11.000000	0.484664	0.491356	23.468400	0.488149	0.494841	23.668400
12.000000	0.482738	0.489401	23.290400	0.486213	0.492877	23.520000
13.000000	0.481067	0.487706	23.153200	0.484535	0.491174	23.388400
14.000000	0.479614	0.486231	23.042000	0.483073	0.489691	23.260000
15.000000	0.478344	0.484943	22.923200	0.481796	0.488395	23.164800
16.000000	0.477230	0.483813	22.844800	0.480675	0.487258	23.082000
17.000000	0.476249	0.482817	22.785200	0.479688	0.486256	22.987600
18.000000	0.475383	0.481938	22.727600	0.478816	0.485371	22.911600
19.000000	0.474614	0.481157	22.666000	0.478042	0.484586	22.855200
20.000000	0.473929	0.480462	22.588400	0.477353	0.483886	22.790400
21.000000	0.473318	0.479841	22.537600	0.476737	0.483261	22.742400
22.000000	0.472769	0.479284	22.474400	0.476185	0.482700	22.688800
23.000000	0.472275	0.478782	22.429200	0.475689	0.482195	22.631600
24.000000	0.471830	0.478329	22.390000	0.475240	0.481740	22.589200
25.000000	0.471426	0.477919	22.358000	0.474834	0.481327	22.543600
26.000000	0.471059	0.477546	22.321200	0.474466	0.480952	22.517600
27.000000	0.470725	0.477205	22.294800	0.474130	0.480611	22.479600
28.000000	0.470419	0.476894	22.278400	0.473823	0.480299	22.444800
29.000000	0.470139	0.476609	22.264400	0.473543	0.480013	22.416400
30.000000	0.469882	0.476347	22.238000	0.473285	0.479750	22.383200
31.000000	0.469644	0.476105	22.218400	0.473047	0.479508	22.372000
32.000000	0.469425	0.475881	22.191600	0.472827	0.479284	22.361200
33.000000	0.469222	0.475674	22.170000	0.472624	0.479077	22.338400
34.000000	0.469033	0.475482	22.153600	0.472436	0.478885	22.323600
35.000000	0.468857	0.475303	22.129200	0.472261	0.478707	22.307200
36.000000	0.468693	0.475136	22.104000	0.472098	0.478540	22.291600
37.000000	0.468540	0.474979	22.092800	0.471945	0.478385	22.271600
38.000000	0.468396	0.474833	22.072400	0.471802	0.478239	22.257600
39.000000	0.468261	0.474695	22.063200	0.471669	0.478102	22.233600
40.000000	0.468134	0.474565	22.052400	0.471543	0.477974	22.223200
41.000000	0.468015	0.474443	22.045200	0.471425	0.477853	22.210800
42.000000	0.467902	0.474328	22.030800	0.471313	0.477739	22.202000
43.000000	0.467795	0.474219	22.012000	0.471208	0.477632	22.190800
44.000000	0.467694	0.474116	21.995600	0.471108	0.477530	22.176000
45.000000	0.467598	0.474018	21.983200	0.471013	0.477433	22.168800
46.000000	0.467507	0.473924	21.980400	0.470924	0.477341	22.163600
47.000000	0.467420	0.473836	21.974800	0.470838	0.477254	22.157200
48.000000	0.467337	0.473751	21.968000	0.470757	0.477171	22.148800
49.000000	0.467258	0.473670	21.950000	0.470679	0.477092	22.144000
50.000000	0.467182	0.473593	21.942800	0.470606	0.477016	22.139200
51.000000	0.467110	0.473519	21.932800	0.470535	0.476944	22.129200
52.000000	0.467041	0.473449	21.926800	0.470467	0.476875	22.122000
53.000000	0.466974	0.473381	21.920400	0.470402	0.476808	22.118400
54.000000	0.466911	0.473315	21.912000	0.470340	0.476745	22.102400
55.000000	0.466849	0.473253	21.896800	0.470280	0.476684	22.098400
56.000000	0.466790	0.473192	21.889200	0.470223	0.476625	22.094800
57.000000	0.466733	0.473134	21.881200	0.470168	0.476569	22.088400
58.000000	0.466679	0.473078	21.874800	0.470115	0.476514	22.080000
59.000000	0.466626	0.473024	21.870000	0.470063	0.476462	22.076800
60.000000	0.466575	0.472972	21.864400	0.470014	0.476411	22.072400
61.000000	0.466525	0.472922	21.861200	0.469966	0.476362	22.069600
62.000000	0.466478	0.472873	21.860000	0.469920	0.476315	22.066400
63.000000	0.466431	0.472826	21.850000	0.469875	0.476269	22.062000
64.000000	0.466387	0.472780	21.842800	0.469832	0.476225	22.062400
65.000000	0.466343	0.472736	21.842400	0.469790	0.476182	22.060400
66.000000	0.466301	0.472693	21.840400	0.469749	0.476141	22.056800
67.000000	0.466260	0.472651	21.836800	0.469710	0.476100	22.052400
68.000000	0.466221	0.472610	21.827600	0.469672	0.476061	22.044000
69.000000	0.466182	0.472571	21.826000	0.469635	0.476023	22.043600
70.000000	0.466145	0.472533	21.824400	0.469599	0.475987	22.035600
71.000000	0.466109	0.472496	21.817600	0.469564	0.475951	22.032000
72.000000	0.466073	0.472460	21.816400	0.469530	0.475916	22.026400
73.000000	0.466039	0.472424	21.810000	0.469496	0.475882	22.026800
74.000000	0.466005	0.472390	21.807600	0.469464	0.475849	22.023600
75.000000	0.465973	0.472357	21.802000	0.469433	0.475817	22.018800
76.000000	0.465941	0.472324	21.802800	0.469402	0.475786	22.017200
77.000000	0.465910	0.472293	21.800000	0.469373	0.475756	22.022800
78.000000	0.465880	0.472262	21.791600	0.469344	0.475726	22.018800
79.000000	0.465850	0.472232	21.792400	0.469315	0.475697	22.012800
80.000000	0.465821	0.472202	21.791600	0.469288	0.475669	22.014400
81.000000	0.465793	0.472174	21.786800	0.469261	0.475641	22.010400
82.000000	0.465766	0.472146	21.788800	0.469235	0.475615	22.008800
83.000000	0.465739	0.472119	21.788800	0.469209	0.475588	22.008400
84.000000	0.465713	0.472092	21.788800	0.469184	0.475563	21.999600
85.000000	0.465687	0.472066	21.778000	0.469160	0.475538	22.002000
86.000000	0.465663	0.472040	21.772800	0.469136	0.475514	21.998400
87.000000	0.465638	0.472015	21.774400	0.469113	0.475490	21.998000
88.000000	0.465614	0.471991	21.768000	0.469090	0.475467	21.995200
89.000000	0.465591	0.471967	21.761600	0.469068	0.475444	21.986000
90.000000	0.465568	0.471944	21.762800	0.469046	0.475422	21.981600
91.000000	0.465546	0.471921	21.760000	0.469025	0.475400	21.976800
92.000000	0.465524	0.471899	21.755600	0.469004	0.475379	21.979200
93.000000	0.465503	0.471877	21.754800	0.468984	0.475358	21.975600
94.000000	0.465482	0.471856	21.755200	0.468964	0.475338	21.977200
95.000000	0.465462	0.471835	21.753600	0.468944	0.475318	21.976400
96.000000	0.465442	0.471815	21.757200	0.468925	0.475298	21.968400
97.000000	0.465422	0.471795	21.752000	0.468906	0.475279	21.966000
98.000000	0.465403	0.471775	21.751600	0.468888	0.475261	21.960800
99.000000	0.465384	0.471756	21.751200	0.468870	0.475242	21.956400
100.000000	0.465366	0.471737	21.747200	0.468853	0.475225	21.952400